#include <Arduino.h>

const uint8_t PROGMEM
  flydown[] = {
    {0,8,7,0},
    {8,8,7,7},
    {8,0,0,0}
  },
  flyup[] = {
    {8,8,0,0},
    {8,8,7,0},
    {0,7,7,7}
  },
  jellybee1[] = {
    {0,0,8,8,8,0,0,0,0,0,0,0,0,0,0,0,0,0,0,8,8,8,0,0},
    {0,8,0,0,0,8,0,0,0,0,0,0,0,0,0,0,0,0,8,0,0,0,8,0},
    {8,0,0,0,0,0,8,0,0,0,0,0,0,0,0,0,0,8,0,0,0,0,0,8},
    {8,0,0,0,0,0,8,0,0,1,1,1,1,1,1,0,0,8,0,0,0,0,0,8},
    {0,8,0,0,0,0,0,8,1,2,2,2,2,2,2,1,8,0,0,0,0,0,8,0},
    {0,0,8,8,0,0,8,1,2,4,5,2,2,5,4,2,1,8,0,0,8,8,0,0},
    {0,0,0,0,8,8,1,3,4,5,4,2,2,4,5,4,3,1,8,8,0,0,0,0},
    {0,0,0,0,0,0,1,3,2,4,2,2,2,2,4,2,2,1,0,0,0,0,0,0},
    {0,0,0,0,0,0,1,2,2,2,2,2,2,2,2,2,3,1,0,0,0,0,0,0},
    {0,0,0,0,0,0,1,3,2,3,2,3,2,3,2,3,2,1,0,0,0,0,0,0},
    {0,0,0,0,0,0,0,1,3,2,3,1,3,1,3,2,1,0,0,0,0,0,0,0},
    {0,0,0,0,0,0,1,0,3,3,0,3,0,3,0,3,3,0,1,1,0,0,0,0},
    {0,0,0,0,1,1,0,3,0,1,3,0,3,0,3,0,0,3,0,0,0,0,0,0},
    {0,0,0,0,0,0,1,0,1,0,1,0,3,0,0,1,0,0,1,0,0,0,0,0},
    {0,0,0,0,0,0,0,0,0,1,0,3,0,3,0,0,1,0,0,0,0,0,0,0},
    {0,0,0,0,0,0,0,0,0,0,1,0,0,0,0,0,0,0,0,0,0,0,0,0}
  },
  jellybee2[] = {
    {0,0,0,8,8,0,0,0,0,0,0,0,0,8,8,0,0,0},
    {0,0,8,0,0,8,1,1,1,1,1,1,8,0,0,8,0,0},
    {0,8,0,0,0,1,4,5,2,2,5,4,1,0,0,0,8,0},
    {8,0,0,0,1,4,5,4,2,2,4,5,4,1,0,0,0,8},
    {8,0,0,1,2,2,4,2,2,2,2,4,2,2,1,0,0,8},
    {0,8,0,8,3,2,2,2,2,2,2,2,2,3,8,0,8,0},
    {0,0,8,0,1,2,3,2,2,2,3,2,3,1,0,8,0,0},
    {0,0,0,0,0,1,2,3,2,3,2,3,1,0,0,0,0,0},
    {0,0,0,0,1,0,3,0,3,0,3,1,3,0,1,1,0,0},
    {0,0,1,1,0,3,0,3,0,3,0,3,0,3,0,0,0,0},
    {0,0,0,0,1,0,0,0,0,3,0,1,0,0,1,0,0,0},
    {0,0,0,0,0,0,1,0,3,0,3,0,1,0,0,0,0,0},
    {0,0,0,0,0,0,0,0,0,0,0,1,0,0,0,0,0,0}
  },
  kelp[] = {
    {0,0,0,0,0,0,1,0,0,0,1,0,0,0,0},
    {0,0,0,0,0,0,1,0,0,1,1,0,0,0,0},
    {0,0,0,0,0,1,1,0,0,1,1,0,0,0,0},
    {1,0,0,0,0,0,1,0,0,1,0,0,0,0,0},
    {1,1,0,0,0,0,1,0,0,1,0,0,0,0,0},
    {1,1,1,0,0,1,1,0,1,1,0,0,0,0,1},
    {0,1,1,0,1,1,0,0,1,1,1,0,0,0,1},
    {1,1,1,0,1,1,0,0,0,1,1,0,0,1,1},
    {1,1,0,0,1,1,1,0,0,0,1,0,0,1,1},
    {1,1,1,0,1,1,1,0,0,1,1,0,0,1,1},
    {0,1,1,1,0,1,1,0,1,1,0,0,1,1,0},
    {0,0,1,1,0,1,0,0,1,1,0,1,1,1,0},
    {0,0,1,1,1,1,1,0,1,1,1,1,1,0,0},
    {0,0,0,1,1,0,1,0,0,1,1,1,1,0,0},
    {0,0,0,1,1,1,1,0,1,1,1,0,0,0,0},
    {0,0,0,0,1,1,1,0,1,1,1,0,0,0,0},
    {0,0,0,0,1,1,1,1,1,1,0,0,0,0,0},
    {0,0,0,0,1,1,0,1,0,1,0,0,0,0,0}
  },
  potleft[] = {
    {0,0,0,4,4,4,4,4,4},
    {0,0,4,6,6,6,5,5,5},
    {0,0,0,4,4,4,6,6,6},
    {0,0,0,0,4,5,5,5,5},
    {0,0,0,4,4,6,6,6,6},
    {0,0,0,4,5,6,6,6,6},
    {0,0,0,4,6,6,6,6,6},
    {0,0,0,4,5,6,6,6,6},
    {0,0,0,4,6,5,6,5,6},
    {0,0,0,4,5,6,5,6,5},
    {0,1,1,1,4,5,5,5,5},
    {1,1,1,1,1,4,4,4,4},
    {0,0,1,1,1,1,1,1,1}
  },
  prawnbee1[] = {
    {0,0,0,0,0,0,0,0,0,0,0,0,0,8,8,8,0,0,0,0,0},
    {0,0,0,0,0,0,0,0,0,0,0,0,8,0,0,0,8,8,8,0,0},
    {0,0,0,0,0,0,0,0,0,0,0,8,0,0,0,8,0,0,0,8,0},
    {0,0,0,0,0,0,0,0,0,0,0,8,0,0,8,0,0,0,0,0,8},
    {0,0,0,0,0,0,0,0,0,0,8,0,0,0,8,0,0,0,0,0,8},
    {0,0,0,0,0,0,0,0,0,0,8,0,0,8,0,0,0,0,0,0,8},
    {0,0,0,0,0,0,0,0,0,0,8,0,0,8,0,0,0,0,0,8,0},
    {0,0,0,0,1,1,1,1,0,0,8,8,8,0,0,0,0,0,8,0,0},
    {0,0,5,1,5,4,3,2,1,1,1,1,8,0,0,0,0,8,0,0,0},
    {0,5,1,5,5,5,2,3,3,1,2,2,8,0,0,8,8,0,0,0,0},
    {0,1,2,4,5,4,3,2,3,1,2,2,2,8,8,1,0,0,0,0,0},
    {0,1,2,2,2,3,2,3,1,2,2,2,2,2,3,1,0,0,0,0,0},
    {1,2,2,1,1,1,1,1,2,2,2,2,2,3,2,3,1,0,0,0,0},
    {0,1,1,0,0,0,0,0,1,1,3,2,3,2,3,2,1,0,0,0,0},
    {0,0,0,0,0,0,0,0,0,0,1,1,2,3,2,3,1,0,0,0,0},
    {0,0,0,0,0,0,0,0,0,0,0,1,3,3,3,3,1,0,0,0,0},
    {0,0,0,0,0,0,0,0,0,0,0,0,1,1,3,1,0,0,0,0,0},
    {0,0,0,0,0,0,1,1,0,0,0,1,2,3,1,0,0,0,0,0,0},
    {0,0,0,0,0,1,2,2,1,1,1,2,3,1,0,0,0,0,0,0,0},
    {0,0,0,0,0,0,1,2,2,3,2,1,1,0,0,0,0,0,0,0,0},
    {0,0,0,0,0,0,0,1,3,2,3,1,0,0,0,0,0,0,0,0,0},
    {0,0,0,0,0,0,1,3,3,3,1,0,0,0,0,0,0,0,0,0,0},
    {0,0,0,0,0,0,0,1,1,1,0,0,0,0,0,0,0,0,0,0,0}
  },
  prawnbee2[] = {
    {0,0,0,0,0,0,0,0,0,8,8,8,0,0,0,0,0,0,0,0,0,0,0},
    {0,0,0,0,0,0,0,0,8,0,0,0,8,0,0,0,0,0,0,0,0,0,0},
    {0,0,0,0,0,0,0,8,0,0,0,0,0,8,8,0,0,0,0,0,0,0,0},
    {0,0,0,0,0,0,0,8,0,0,0,0,0,0,8,0,0,8,8,8,0,0,0},
    {0,0,0,0,0,0,0,8,0,0,0,0,0,0,0,8,8,0,0,0,8,8,0},
    {0,0,0,0,0,0,0,0,8,0,0,0,0,0,8,0,0,0,0,0,0,0,8},
    {0,0,0,0,1,1,1,1,0,8,8,8,0,8,0,0,0,0,0,0,0,0,8},
    {0,0,5,1,5,4,3,2,1,1,1,1,8,0,0,0,0,0,0,0,0,0,8},
    {0,5,1,5,5,5,2,3,3,1,2,2,8,0,0,0,0,0,0,0,0,8,0},
    {0,1,2,4,5,4,3,2,3,1,2,2,2,8,8,0,0,0,0,0,0,8,0},
    {0,1,2,2,2,3,2,3,1,2,2,2,2,2,3,8,8,0,0,0,8,0,0},
    {1,2,2,1,1,1,1,1,2,2,2,2,2,3,2,3,1,8,8,8,0,0,0},
    {0,1,1,0,0,0,0,0,1,1,3,2,3,2,3,2,1,0,0,0,0,0,0},
    {0,0,0,0,0,0,0,0,0,0,1,1,2,3,2,3,1,0,0,0,0,0,0},
    {0,0,0,0,0,0,0,0,0,0,0,1,3,3,3,3,1,0,0,0,0,0,0},
    {0,0,0,0,0,0,0,0,0,0,0,0,1,1,3,1,1,0,0,0,0,0,0},
    {0,0,0,0,0,0,0,0,0,0,0,0,0,3,2,1,0,0,0,0,0,0,0},
    {0,0,0,0,0,0,0,0,0,0,0,0,1,1,3,1,0,0,0,0,0,0,0},
    {0,0,0,0,0,0,0,0,0,0,1,1,2,3,1,0,0,0,0,0,0,0,0},
    {0,0,0,0,0,0,0,0,0,1,2,3,1,3,0,0,0,0,0,0,0,0,0},
    {0,0,0,0,0,0,0,0,1,2,3,1,2,1,0,0,0,0,0,0,0,0,0},
    {0,0,0,0,0,0,0,0,0,1,1,2,3,2,1,0,0,0,0,0,0,0,0},
    {0,0,0,0,0,0,0,0,0,0,0,1,2,3,1,0,0,0,0,0,0,0,0},
    {0,0,0,0,0,0,0,0,0,0,0,1,3,1,0,0,0,0,0,0,0,0,0},
    {0,0,0,0,0,0,0,0,0,0,0,0,1,0,0,0,0,0,0,0,0,0,0}
  },
  pufferbee1[] = {
    {0,0,0,0,0,0,0,0,0,8,8,0,0,0,0,0,0,0,0,0,0,0},
    {0,0,0,0,0,0,0,0,8,0,0,8,0,8,8,8,8,0,0,0,0,0},
    {0,0,0,0,0,0,0,8,0,0,0,0,8,0,0,0,0,8,0,0,0,0},
    {0,0,0,0,0,1,0,8,1,0,1,8,0,0,0,0,0,8,0,0,0,0},
    {0,0,0,0,0,0,1,1,1,1,1,8,0,0,0,0,0,8,0,0,0,0},
    {0,0,1,0,1,1,2,2,2,2,2,8,0,0,0,0,8,0,0,0,0,0},
    {0,0,0,1,2,2,2,2,2,1,2,2,8,8,8,8,0,0,0,0,0,0},
    {0,0,1,2,2,2,1,2,2,2,2,1,2,2,1,0,0,0,0,1,1,0},
    {0,4,1,2,4,5,2,1,2,2,2,2,2,2,1,1,0,0,1,2,2,1},
    {0,1,2,2,5,4,2,2,2,2,2,2,2,3,2,3,1,1,2,3,1,0},
    {0,0,3,1,2,2,2,2,2,2,2,2,3,2,3,2,3,1,3,2,1,0},
    {1,0,1,2,2,2,2,2,2,1,2,2,2,3,2,3,1,0,1,3,3,1},
    {0,1,2,1,2,2,1,2,2,2,1,1,3,2,3,1,0,0,0,1,1,0},
    {0,1,2,1,2,2,2,2,1,2,2,3,1,3,2,1,1,0,0,0,0,0},
    {1,0,1,3,2,1,2,2,1,2,3,2,3,2,1,0,0,0,0,0,0,0},
    {0,0,1,3,1,3,2,2,2,3,2,3,2,3,1,0,0,0,0,0,0,0},
    {0,0,0,1,3,2,3,2,3,2,3,1,3,1,0,1,0,0,0,0,0,0},
    {0,0,1,0,1,1,2,3,2,3,2,1,1,0,0,0,0,0,0,0,0,0},
    {0,0,0,0,0,0,1,1,1,1,1,0,0,0,0,0,0,0,0,0,0,0},
    {0,0,0,0,0,0,1,0,0,1,0,0,0,0,0,0,0,0,0,0,0,0}
  },
  pufferbee2[] = {
    {0,0,0,0,0,0,0,0,8,8,0,0,0,0,0,0},
    {0,0,0,8,8,0,0,8,0,0,8,0,0,0,0,0},
    {0,0,8,0,0,8,8,0,0,0,8,0,0,0,0,0},
    {0,0,8,0,0,8,0,0,0,0,8,0,1,1,0,0},
    {0,0,0,8,0,8,0,0,0,8,0,1,2,2,1,0},
    {0,0,0,8,0,8,0,0,0,8,0,1,2,3,1,0},
    {0,0,0,0,1,1,8,0,8,0,1,1,2,1,0,0},
    {0,0,1,1,2,2,8,8,1,1,3,2,3,2,1,1},
    {4,1,4,5,2,2,1,2,2,3,2,1,1,3,2,1},
    {1,2,5,4,2,2,2,2,3,2,1,0,0,1,1,0},
    {1,2,2,2,1,2,2,3,2,1,0,0,0,0,0,0},
    {0,3,2,2,3,1,3,2,1,0,0,0,0,0,0,0},
    {0,0,1,3,2,3,2,1,0,0,0,0,0,0,0,0},
    {0,0,0,1,1,1,1,0,0,0,0,0,0,0,0,0}
  },
  rightarrow[] = {
    {5,0,0},
    {0,5,0},
    {0,0,5},
    {0,5,6},
    {5,6,0},
    {6,0,0}
  };